9.040748324484284 3.689783730489172e-46
10.90996834205155 1.0739736324534489e-46
11.902740922456706 6.489558207916449e-47
13.347954920310498 3.4573394657321546e-47
15.245628113868488 1.873102447992205e-47
16.940711726114476 1.1704915347171372e-47
19.888704856584614 8.798199416039281e-48
23.349702613885306 6.955000637106481e-48
26.184790538855896 6.235842945897894e-48
30.182910421432084 5.830753796605831e-48
33.69288155811731 6.955000637106481e-48
37.09736522358513 7.88845215518728e-48
41.984814261464855 9.56878689110557e-48
52.55778175845574 1.2837417522269226e-47
70.15389016233843 1.8112412440114245e-47
128.47702781420827 3.5158848259240396e-47
252.03441893940322 7.057944082942032e-47
562.126562170815 1.553929015049468e-46
860.9345551407216 2.3645395447392936e-46
1696.661567150928 4.706996190875516e-46
5769.189409543465 1.5902248041263365e-45
9908.743355117136 2.7215871295188285e-45
